30.60
0.00
62.00
30.60
0.00
62.00
30.90
0.00
66.00
30.90
66.52
66.00
30.90
82.37
66.00
31.10
86.39
69.00
31.10
95.47
69.00
31.10
89.70
69.00
31.10
142.72
69.00
31.30
59.64
71.00
31.30
52.22
71.00
31.60
40.76
73.00
31.60
38.25
73.00
31.80
49.20
74.00
31.80
58.90
74.00
31.80
94.46
74.00
31.80
94.00
74.00
32.00
128.07
76.00
32.00
133.30
76.00
32.00
132.95
76.00
32.00
100.13
76.00
32.00
130.92
76.00
32.20
112.19
76.00
32.20
94.49
76.00
32.40
48.78
77.00
32.40
56.55
77.00
32.40
60.42
77.00
32.40
104.64
77.00
32.40
135.96
77.00
32.60
72.54
78.00
32.60
79.45
78.00
32.60
69.61
78.00
32.60
103.41
78.00
32.80
100.03
79.00
32.80
71.28
79.00
32.80
78.29
79.00
32.90
80.28
79.00
32.90
141.88
79.00
32.90
163.80
79.00
32.90
148.63
79.00
33.10
62.21
79.00
33.10
58.21
79.00
33.10
64.41
79.00
33.20
67.23
80.00
33.20
103.23
80.00
33.20
103.91
80.00
33.20
142.72
80.00
33.30
75.77
80.00
33.30
74.94
80.00
33.30
92.97
80.00
33.30
157.23
80.00
33.40
64.49
80.00
33.40
56.56
80.00
33.50
46.61
80.00
33.50
74.37
80.00
33.50
90.12
80.00
33.50
124.58
80.00
33.60
79.48
80.00
33.60
81.87
80.00
33.60
77.09
80.00
33.60
137.08
80.00
33.60
140.85
80.00
33.70
130.43
81.00
33.70
104.18
81.00
33.70
66.79
81.00
33.80
73.69
81.00
33.80
71.61
81.00
33.80
128.04
81.00
33.80
143.30
81.00
33.80
141.98
81.00
33.80
80.34
81.00
33.80
80.02
81.00
33.80
77.77
81.00
33.80
99.90
81.00
33.90
97.82
81.00
33.90
75.42
81.00
33.90
77.80
81.00
34.00
79.54
81.00
34.00
100.93
81.00
34.00
98.46
81.00
34.00
135.07
81.00
34.00
69.00
82.00
34.00
78.56
82.00
34.00
69.48
82.00
34.10
79.22
82.00
34.10
81.33
82.00
34.10
81.20
82.00
34.10
120.68
82.00
34.10
146.70
82.00
34.20
137.02
82.00
34.20
108.42
82.00
34.20
84.99
82.00
34.20
103.11
82.00
34.20
137.55
82.00
34.20
225.48
82.00
34.30
68.03
82.00
34.30
84.07
82.00
34.30
80.80
82.00
34.30
160.81
82.00
34.30
126.69
82.00
34.30
110.09
82.00
34.30
111.15
82.00
34.30
79.08
82.00
34.30
86.02
82.00
34.30
81.93
82.00
34.30
110.82
82.00
34.30
107.45
82.00
34.40
109.41
82.00
34.40
59.34
82.00
34.40
68.17
82.00
34.40
54.25
82.00
34.40
84.50
82.00
34.50
76.07
82.00
34.50
124.25
82.00
34.50
115.85
82.00
34.50
131.06
82.00
34.50
114.37
82.00
34.50
117.42
82.00
34.50
118.13
82.00
34.50
118.65
82.00
34.50
116.69
82.00
34.50
114.37
82.00
34.60
51.37
82.00
34.60
59.76
82.00
34.60
59.99
82.00
34.60
117.53
82.00
34.60
117.42
82.00
34.60
115.14
82.00
34.60
116.37
82.00
34.60
96.88
82.00
34.60
121.46
82.00
34.60
152.44
82.00
34.60
122.00
82.00
34.60
152.59
82.00
34.60
140.85
82.00
34.60
79.08
82.00
34.60
80.39
82.00
34.60
67.12
82.00
34.60
128.21
82.00
34.60
121.04
82.00
34.70
136.36
82.00
34.70
120.07
82.00
34.70
119.38
82.00
34.70
122.77
82.00
34.70
118.20
82.00
34.70
117.03
83.00
34.70
117.65
83.00
34.70
118.18
83.00
34.70
117.79
83.00
34.70
63.93
83.00
34.70
71.28
83.00
34.70
71.91
83.00
34.70
112.95
83.00
34.70
115.12
83.00
34.70
111.77
83.00
34.70
111.88
83.00
34.70
115.54
83.00
34.70
81.54
83.00
34.70
91.21
83.00
34.70
89.43
83.00
34.70
117.86
83.00
34.70
119.40
83.00
34.80
117.03
83.00
34.80
117.76
83.00
34.80
115.56
83.00
34.80
118.20
83.00
34.80
118.37
83.00
34.80
116.44
83.00
34.80
85.53
83.00
34.80
69.21
83.00
34.80
51.01
83.00
34.80
63.84
83.00
34.80
47.07
83.00
34.80
68.97
83.00
34.80
61.77
83.00
34.90
72.18
83.00
34.90
85.03
83.00
34.90
119.71
83.00
34.90
96.62
83.00
34.90
90.31
83.00
34.90
63.37
83.00
34.90
67.66
83.00
34.90
75.62
83.00
34.90
93.33
83.00
34.90
97.01
83.00
34.90
89.43
83.00
34.90
70.58
83.00
34.90
96.34
83.00
34.90
124.28
83.00
34.90
155.72
83.00
34.90
86.38
83.00
34.90
82.57
83.00
34.90
85.62
83.00
34.90
105.78
83.00
34.90
106.52
83.00
34.90
103.79
83.00
34.90
104.90
83.00
34.90
113.74
83.00
34.90
102.95
83.00
34.90
108.87
83.00
34.90
105.10
83.00
34.90
116.23
83.00
34.90
104.86
83.00
34.90
108.11
83.00
34.90
104.66
83.00
34.90
114.44
83.00
34.90
113.42
83.00
34.90
114.18
83.00
34.90
109.05
83.00
34.90
110.13
83.00
34.90
113.27
83.00
34.90
112.49
83.00
34.90
113.31
83.00
34.90
105.84
83.00
34.90
109.41
83.00
34.90
109.01
83.00
35.00
62.17
83.00
35.00
71.65
83.00
35.00
56.70
83.00
35.00
88.56
83.00
35.00
83.30
83.00
35.00
106.48
83.00
35.00
101.04
83.00
35.00
111.84
84.00
35.00
99.49
84.00
35.00
51.72
84.00
35.00
43.29
84.00
35.00
40.43
84.00
35.00
61.07
84.00
35.00
81.73
84.00
35.00
76.10
84.00
35.00
82.87
84.00
35.00
64.33
84.00
35.00
83.53
84.00
35.00
84.05
84.00
35.00
110.07
84.00
35.00
114.79
84.00
35.00
117.81
84.00
35.00
113.66
84.00
35.00
81.08
84.00
35.00
44.34
84.00
35.00
42.52
84.00
35.00
50.80
84.00
35.00
86.57
84.00
35.00
113.87
84.00
35.00
109.39
84.00
35.00
92.76
84.00
35.00
62.77
84.00
35.00
43.48
84.00
35.00
41.28
84.00
35.00
52.50
84.00
35.00
26.99
84.00
35.00
36.74
84.00
35.00
37.09
84.00
35.00
66.47
84.00
35.00
71.73
84.00
35.00
46.16
84.00
35.00
75.78
84.00
35.00
51.69
84.00
35.00
80.62
84.00
35.00
72.90
84.00
35.00
119.31
84.00
35.00
111.17
84.00
35.00
61.24
84.00
35.00
44.14
84.00
35.00
44.64
84.00
35.00
66.98
84.00
35.00
128.04
84.00
35.00
199.07
84.00
35.00
144.89
84.00
35.00
119.40
84.00
35.00
101.49
84.00
35.00
73.30
84.00
35.00
79.01
84.00
35.00
79.72
84.00
35.00
103.06
84.00
35.00
101.04
84.00
35.00
104.48
84.00
35.00
101.80
84.00
35.00
103.06
84.00
35.00
97.42
84.00
35.00
101.18
84.00
35.00
101.44
84.00
35.00
89.43
84.00
35.00
105.21
84.00
35.00
100.67
84.00
35.00
114.39
84.00
35.00
115.99
84.00
35.00
107.84
84.00
35.00
101.76
84.00
35.00
94.89
84.00
35.00
94.97
84.00
35.00
72.48
84.00
35.00
69.91
84.00
35.00
80.46
84.00
35.00
100.47
84.00
35.00
158.56
84.00
35.00
190.17
84.00
35.00
193.11
84.00
35.00
148.00
84.00
35.00
90.16
84.00
35.00
122.30
84.00
35.00
136.52
84.00
35.00
286.26
84.00
35.00
194.68
84.00
35.00
146.09
84.00
35.00
81.97
84.00
35.00
86.61
84.00
35.00
63.79
84.00
35.00
64.29
84.00
35.00
66.21
84.00
35.00
85.49
84.00
35.00
108.17
84.00
35.00
110.01
84.00
35.00
105.13
84.00
35.00
106.48
84.00
35.00
104.33
84.00
35.00
105.80
84.00
35.00
102.97
84.00
35.00
103.36
84.00
35.00
103.66
84.00
35.00
105.80
84.00
35.00
107.68
84.00
35.00
102.46
84.00
35.00
107.45
84.00
35.00
100.89
84.00
35.00
110.74
84.00
35.00
107.78
84.00
35.00
111.59
84.00
35.00
86.54
84.00
35.00
79.50
84.00
35.00
83.51
84.00
35.00
96.84
84.00
35.00
106.04
84.00
35.00
103.22
84.00
35.00
103.61
84.00
35.00
101.87
84.00
35.00
105.17
84.00
35.00
100.91
84.00
35.00
104.58
84.00
35.00
107.45
84.00
35.00
108.40
84.00
35.00
109.77
84.00
35.00
107.84
84.00
35.00
111.23
84.00
35.00
111.13
84.00
35.00
79.71
84.00
35.00
85.15
84.00
35.00
85.11
84.00
35.00
109.63
84.00
35.00
112.53
84.00
35.00
111.88
84.00
35.00
110.78
84.00
35.00
108.75
84.00
35.00
107.51
84.00
35.00
108.83
84.00
35.00
99.26
85.00
35.00
107.10
85.00
35.00
82.21
85.00
34.90
72.62
84.00
34.90
76.72
84.00
34.90
93.17
84.00
34.90
86.61
84.00
35.00
68.60
85.00
35.00
73.30
85.00
35.00
88.68
85.00
35.00
121.51
85.00
35.00
75.60
85.00
35.00
83.85
85.00
35.00
61.74
85.00
35.00
76.90
85.00
35.00
79.29
85.00
35.00
100.89
85.00
35.00
109.11
85.00
34.90
105.80
85.00
34.90
81.22
85.00
34.90
68.59
85.00
34.90
75.31
85.00
34.90
39.62
85.00
34.90
52.58
85.00
34.90
53.06
85.00
34.90
77.78
85.00
34.90
101.45
85.00
34.90
112.53
85.00
34.90
131.06
85.00
34.90
119.40
85.00
34.90
71.87
85.00
34.90
88.43
85.00
34.90
93.17
85.00
34.90
88.57
85.00
34.90
68.23
85.00
34.90
71.26
85.00
34.90
90.04
85.00
34.90
124.95
85.00
34.90
120.63
85.00
34.90
119.00
85.00
34.90
117.05
85.00
34.90
119.93
85.00
34.90
85.19
85.00
34.90
92.45
85.00
34.90
89.70
85.00
34.90
117.46
85.00
34.90
88.27
85.00
34.90
90.33
85.00
34.90
88.13
85.00
34.90
93.55
85.00
34.90
114.29
85.00
34.90
110.66
85.00
34.90
107.07
85.00
34.90
68.01
85.00
34.90
52.67
85.00
34.90
58.35
85.00
34.90
62.34
85.00
34.90
113.02
85.00
34.90
63.25
85.00
34.90
83.89
85.00
34.90
56.03
85.00
34.90
78.49
85.00
34.90
75.62
85.00
34.90
65.64
85.00
34.90
89.02
85.00
34.90
85.09
85.00
34.90
131.26
85.00
34.90
106.10
85.00
34.90
111.23
85.00
34.90
80.20
85.00
34.90
83.61
85.00
34.90
80.80
85.00
34.90
97.64
85.00
34.90
86.33
85.00
34.90
107.05
85.00
34.90
145.56
85.00
34.90
139.89
85.00
34.90
156.45
85.00
34.90
111.13
85.00
34.90
120.65
85.00
34.90
103.41
85.00
34.90
105.58
85.00
34.90
104.48
85.00
34.90
94.19
85.00
34.90
119.05
85.00
34.90
69.10
85.00
34.90
53.55
85.00
34.90
53.72
85.00
34.90
68.59
85.00
34.90
100.13
85.00
34.90
136.64
85.00
34.90
151.10
85.00
34.90
140.71
85.00
34.90
109.71
85.00
34.90
100.99
85.00
34.90
102.21
85.00
34.80
103.56
85.00
34.80
97.78
85.00
34.80
95.48
85.00
34.80
94.50
85.00
34.80
130.43
85.00
34.80
155.84
85.00
34.80
271.49
85.00
34.80
167.88
85.00
34.80
138.95
85.00
34.80
101.37
85.00
34.80
97.47
85.00
34.80
99.24
85.00
34.80
102.46
85.00
34.80
66.53
85.00
34.80
70.27
85.00
34.80
75.09
85.00
34.80
85.56
85.00
34.80
122.15
85.00
34.80
131.38
85.00
34.80
133.45
85.00
34.80
109.41
85.00
34.80
110.78
85.00
34.80
126.29
85.00
34.80
123.74
85.00
34.80
104.91
85.00
34.80
110.93
85.00
34.80
116.53
85.00
34.80
54.43
85.00
34.80
59.38
85.00
34.80
60.30
85.00
34.80
109.73
85.00
34.80
117.42
85.00
34.80
117.46
85.00
34.80
107.53
85.00
34.80
72.16
85.00
34.80
78.63
85.00
34.80
76.50
85.00
34.80
65.62
85.00
34.80
71.78
85.00
34.70
50.42
85.00
34.80
34.60
85.00
34.80
38.75
85.00
34.80
46.79
85.00
34.80
130.01
85.00
34.80
170.02
85.00
34.70
151.10
85.00
34.70
107.35
85.00
34.70
93.50
85.00
34.70
91.56
85.00
34.70
95.95
85.00
34.70
92.46
85.00
34.70
95.27
85.00
34.70
94.04
85.00
34.70
92.14
85.00
34.70
90.88
85.00
34.70
90.96
85.00
34.70
91.52
85.00
34.70
91.06
85.00
34.70
91.02
85.0030.60
0.00
62.00
30.60
0.00
62.00
30.90
0.00
66.00
30.90
66.52
66.00
30.90
82.37
66.00
31.10
86.39
69.00
31.10
95.47
69.00
31.10
89.70
69.00
31.10
142.72
69.00
31.30
59.64
71.00
31.30
52.22
71.00
31.60
40.76
73.00
31.60
38.25
73.00
31.80
49.20
74.00
31.80
58.90
74.00
31.80
94.46
74.00
31.80
94.00
74.00
32.00
128.07
76.00
32.00
133.30
76.00
32.00
132.95
76.00
32.00
100.13
76.00
32.00
130.92
76.00
32.20
112.19
76.00
32.20
94.49
76.00
32.40
48.78
77.00
32.40
56.55
77.00
32.40
60.42
77.00
32.40
104.64
77.00
32.40
135.96
77.00
32.60
72.54
78.00
32.60
79.45
78.00
32.60
69.61
78.00
32.60
103.41
78.00
32.80
100.03
79.00
32.80
71.28
79.00
32.80
78.29
79.00
32.90
80.28
79.00
32.90
141.88
79.00
32.90
163.80
79.00
32.90
148.63
79.00
33.10
62.21
79.00
33.10
58.21
79.00
33.10
64.41
79.00
33.20
67.23
80.00
33.20
103.23
80.00
33.20
103.91
80.00
33.20
142.72
80.00
33.30
75.77
80.00
33.30
74.94
80.00
33.30
92.97
80.00
33.30
157.23
80.00
33.40
64.49
80.00
33.40
56.56
80.00
33.50
46.61
80.00
33.50
74.37
80.00
33.50
90.12
80.00
33.50
124.58
80.00
33.60
79.48
80.00
33.60
81.87
80.00
33.60
77.09
80.00
33.60
137.08
80.00
33.60
140.85
80.00
33.70
130.43
81.00
33.70
104.18
81.00
33.70
66.79
81.00
33.80
73.69
81.00
33.80
71.61
81.00
33.80
128.04
81.00
33.80
143.30
81.00
33.80
141.98
81.00
33.80
80.34
81.00
33.80
80.02
81.00
33.80
77.77
81.00
33.80
99.90
81.00
33.90
97.82
81.00
33.90
75.42
81.00
33.90
77.80
81.00
34.00
79.54
81.00
34.00
100.93
81.00
34.00
98.46
81.00
34.00
135.07
81.00
34.00
69.00
82.00
34.00
78.56
82.00
34.00
69.48
82.00
34.10
79.22
82.00
34.10
81.33
82.00
34.10
81.20
82.00
34.10
120.68
82.00
34.10
146.70
82.00
34.20
137.02
82.00
34.20
108.42
82.00
34.20
84.99
82.00
34.20
103.11
82.00
34.20
137.55
82.00
34.20
225.48
82.00
34.30
68.03
82.00
34.30
84.07
82.00
34.30
80.80
82.00
34.30
160.81
82.00
34.30
126.69
82.00
34.30
110.09
82.00
34.30
111.15
82.00
34.30
79.08
82.00
34.30
86.02
82.00
34.30
81.93
82.00
34.30
110.82
82.00
34.30
107.45
82.00
34.40
109.41
82.00
34.40
59.34
82.00
34.40
68.17
82.00
34.40
54.25
82.00
34.40
84.50
82.00
34.50
76.07
82.00
34.50
124.25
82.00
34.50
115.85
82.00
34.50
131.06
82.00
34.50
114.37
82.00
34.50
117.42
82.00
34.50
118.13
82.00
34.50
118.65
82.00
34.50
116.69
82.00
34.50
114.37
82.00
34.60
51.37
82.00
34.60
59.76
82.00
34.60
59.99
82.00
34.60
117.53
82.00
34.60
117.42
82.00
34.60
115.14
82.00
34.60
116.37
82.00
34.60
96.88
82.00
34.60
121.46
82.00
34.60
152.44
82.00
34.60
122.00
82.00
34.60
152.59
82.00
34.60
140.85
82.00
34.60
79.08
82.00
34.60
80.39
82.00
34.60
67.12
82.00
34.60
128.21
82.00
34.60
121.04
82.00
34.70
136.36
82.00
34.70
120.07
82.00
34.70
119.38
82.00
34.70
122.77
82.00
34.70
118.20
82.00
34.70
117.03
83.00
34.70
117.65
83.00
34.70
118.18
83.00
34.70
117.79
83.00
34.70
63.93
83.00
34.70
71.28
83.00
34.70
71.91
83.00
34.70
112.95
83.00
34.70
115.12
83.00
34.70
111.77
83.00
34.70
111.88
83.00
34.70
115.54
83.00
34.70
81.54
83.00
34.70
91.21
83.00
34.70
89.43
83.00
34.70
117.86
83.00
34.70
119.40
83.00
34.80
117.03
83.00
34.80
117.76
83.00
34.80
115.56
83.00
34.80
118.20
83.00
34.80
118.37
83.00
34.80
116.44
83.00
34.80
85.53
83.00
34.80
69.21
83.00
34.80
51.01
83.00
34.80
63.84
83.00
34.80
47.07
83.00
34.80
68.97
83.00
34.80
61.77
83.00
34.90
72.18
83.00
34.90
85.03
83.00
34.90
119.71
83.00
34.90
96.62
83.00
34.90
90.31
83.00
34.90
63.37
83.00
34.90
67.66
83.00
34.90
75.62
83.00
34.90
93.33
83.00
34.90
97.01
83.00
34.90
89.43
83.00
34.90
70.58
83.00
34.90
96.34
83.00
34.90
124.28
83.00
34.90
155.72
83.00
34.90
86.38
83.00
34.90
82.57
83.00
34.90
85.62
83.00
34.90
105.78
83.00
34.90
106.52
83.00
34.90
103.79
83.00
34.90
104.90
83.00
34.90
113.74
83.00
34.90
102.95
83.00
34.90
108.87
83.00
34.90
105.10
83.00
34.90
116.23
83.00
34.90
104.86
83.00
34.90
108.11
83.00
34.90
104.66
83.00
34.90
114.44
83.00
34.90
113.42
83.00
34.90
114.18
83.00
34.90
109.05
83.00
34.90
110.13
83.00
34.90
113.27
83.00
34.90
112.49
83.00
34.90
113.31
83.00
34.90
105.84
83.00
34.90
109.41
83.00
34.90
109.01
83.00
35.00
62.17
83.00
35.00
71.65
83.00
35.00
56.70
83.00
35.00
88.56
83.00
35.00
83.30
83.00
35.00
106.48
83.00
35.00
101.04
83.00
35.00
111.84
84.00
35.00
99.49
84.00
35.00
51.72
84.00
35.00
43.29
84.00
35.00
40.43
84.00
35.00
61.07
84.00
35.00
81.73
84.00
35.00
76.10
84.00
35.00
82.87
84.00
35.00
64.33
84.00
35.00
83.53
84.00
35.00
84.05
84.00
35.00
110.07
84.00
35.00
114.79
84.00
35.00
117.81
84.00
35.00
113.66
84.00
35.00
81.08
84.00
35.00
44.34
84.00
35.00
42.52
84.00
35.00
50.80
84.00
35.00
86.57
84.00
35.00
113.87
84.00
35.00
109.39
84.00
35.00
92.76
84.00
35.00
62.77
84.00
35.00
43.48
84.00
35.00
41.28
84.00
35.00
52.50
84.00
35.00
26.99
84.00
35.00
36.74
84.00
35.00
37.09
84.00
35.00
66.47
84.00
35.00
71.73
84.00
35.00
46.16
84.00
35.00
75.78
84.00
35.00
51.69
84.00
35.00
80.62
84.00
35.00
72.90
84.00
35.00
119.31
84.00
35.00
111.17
84.00
35.00
61.24
84.00
35.00
44.14
84.00
35.00
44.64
84.00
35.00
66.98
84.00
35.00
128.04
84.00
35.00
199.07
84.00
35.00
144.89
84.00
35.00
119.40
84.00
35.00
101.49
84.00
35.00
73.30
84.00
35.00
79.01
84.00
35.00
79.72
84.00
35.00
103.06
84.00
35.00
101.04
84.00
35.00
104.48
84.00
35.00
101.80
84.00
35.00
103.06
84.00
35.00
97.42
84.00
35.00
101.18
84.00
35.00
101.44
84.00
35.00
89.43
84.00
35.00
105.21
84.00
35.00
100.67
84.00
35.00
114.39
84.00
35.00
115.99
84.00
35.00
107.84
84.00
35.00
101.76
84.00
35.00
94.89
84.00
35.00
94.97
84.00
35.00
72.48
84.00
35.00
69.91
84.00
35.00
80.46
84.00
35.00
100.47
84.00
35.00
158.56
84.00
35.00
190.17
84.00
35.00
193.11
84.00
35.00
148.00
84.00
35.00
90.16
84.00
35.00
122.30
84.00
35.00
136.52
84.00
35.00
286.26
84.00
35.00
194.68
84.00
35.00
146.09
84.00
35.00
81.97
84.00
35.00
86.61
84.00
35.00
63.79
84.00
35.00
64.29
84.00
35.00
66.21
84.00
35.00
85.49
84.00
35.00
108.17
84.00
35.00
110.01
84.00
35.00
105.13
84.00
35.00
106.48
84.00
35.00
104.33
84.00
35.00
105.80
84.00
35.00
102.97
84.00
35.00
103.36
84.00
35.00
103.66
84.00
35.00
105.80
84.00
35.00
107.68
84.00
35.00
102.46
84.00
35.00
107.45
84.00
35.00
100.89
84.00
35.00
110.74
84.00
35.00
107.78
84.00
35.00
111.59
84.00
35.00
86.54
84.00
35.00
79.50
84.00
35.00
83.51
84.00
35.00
96.84
84.00
35.00
106.04
84.00
35.00
103.22
84.00
35.00
103.61
84.00
35.00
101.87
84.00
35.00
105.17
84.00
35.00
100.91
84.00
35.00
104.58
84.00
35.00
107.45
84.00
35.00
108.40
84.00
35.00
109.77
84.00
35.00
107.84
84.00
35.00
111.23
84.00
35.00
111.13
84.00
35.00
79.71
84.00
35.00
85.15
84.00
35.00
85.11
84.00
35.00
109.63
84.00
35.00
112.53
84.00
35.00
111.88
84.00
35.00
110.78
84.00
35.00
108.75
84.00
35.00
107.51
84.00
35.00
108.83
84.00
35.00
99.26
85.00
35.00
107.10
85.00
35.00
82.21
85.00
34.90
72.62
84.00
34.90
76.72
84.00
34.90
93.17
84.00
34.90
86.61
84.00
35.00
68.60
85.00
35.00
73.30
85.00
35.00
88.68
85.00
35.00
121.51
85.00
35.00
75.60
85.00
35.00
83.85
85.00
35.00
61.74
85.00
35.00
76.90
85.00
35.00
79.29
85.00
35.00
100.89
85.00
35.00
109.11
85.00
34.90
105.80
85.00
34.90
81.22
85.00
34.90
68.59
85.00
34.90
75.31
85.00
34.90
39.62
85.00
34.90
52.58
85.00
34.90
53.06
85.00
34.90
77.78
85.00
34.90
101.45
85.00
34.90
112.53
85.00
34.90
131.06
85.00
34.90
119.40
85.00
34.90
71.87
85.00
34.90
88.43
85.00
34.90
93.17
85.00
34.90
88.57
85.00
34.90
68.23
85.00
34.90
71.26
85.00
34.90
90.04
85.00
34.90
124.95
85.00
34.90
120.63
85.00
34.90
119.00
85.00
34.90
117.05
85.00
34.90
119.93
85.00
34.90
85.19
85.00
34.90
92.45
85.00
34.90
89.70
85.00
34.90
117.46
85.00
34.90
88.27
85.00
34.90
90.33
85.00
34.90
88.13
85.00
34.90
93.55
85.00
34.90
114.29
85.00
34.90
110.66
85.00
34.90
107.07
85.00
34.90
68.01
85.00
34.90
52.67
85.00
34.90
58.35
85.00
34.90
62.34
85.00
34.90
113.02
85.00
34.90
63.25
85.00
34.90
83.89
85.00
34.90
56.03
85.00
34.90
78.49
85.00
34.90
75.62
85.00
34.90
65.64
85.00
34.90
89.02
85.00
34.90
85.09
85.00
34.90
131.26
85.00
34.90
106.10
85.00
34.90
111.23
85.00
34.90
80.20
85.00
34.90
83.61
85.00
34.90
80.80
85.00
34.90
97.64
85.00
34.90
86.33
85.00
34.90
107.05
85.00
34.90
145.56
85.00
34.90
139.89
85.00
34.90
156.45
85.00
34.90
111.13
85.00
34.90
120.65
85.00
34.90
103.41
85.00
34.90
105.58
85.00
34.90
104.48
85.00
34.90
94.19
85.00
34.90
119.05
85.00
34.90
69.10
85.00
34.90
53.55
85.00
34.90
53.72
85.00
34.90
68.59
85.00
34.90
100.13
85.00
34.90
136.64
85.00
34.90
151.10
85.00
34.90
140.71
85.00
34.90
109.71
85.00
34.90
100.99
85.00
34.90
102.21
85.00
34.80
103.56
85.00
34.80
97.78
85.00
34.80
95.48
85.00
34.80
94.50
85.00
34.80
130.43
85.00
34.80
155.84
85.00
34.80
271.49
85.00
34.80
167.88
85.00
34.80
138.95
85.00
34.80
101.37
85.00
34.80
97.47
85.00
34.80
99.24
85.00
34.80
102.46
85.00
34.80
66.53
85.00
34.80
70.27
85.00
34.80
75.09
85.00
34.80
85.56
85.00
34.80
122.15
85.00
34.80
131.38
85.00
34.80
133.45
85.00
34.80
109.41
85.00
34.80
110.78
85.00
34.80
126.29
85.00
34.80
123.74
85.00
34.80
104.91
85.00
34.80
110.93
85.00
34.80
116.53
85.00
34.80
54.43
85.00
34.80
59.38
85.00
34.80
60.30
85.00
34.80
109.73
85.00
34.80
117.42
85.00
34.80
117.46
85.00
34.80
107.53
85.00
34.80
72.16
85.00
34.80
78.63
85.00
34.80
76.50
85.00
34.80
65.62
85.00
34.80
71.78
85.00
34.70
50.42
85.00
34.80
34.60
85.00
34.80
38.75
85.00
34.80
46.79
85.00
34.80
130.01
85.00
34.80
170.02
85.00
34.70
151.10
85.00
34.70
107.35
85.00
34.70
93.50
85.00
34.70
91.56
85.00
34.70
95.95
85.00
34.70
92.46
85.00
34.70
95.27
85.00
34.70
94.04
85.00
34.70
92.14
85.00
34.70
90.88
85.00
34.70
90.96
85.00
34.70
91.52
85.00
34.70
91.06
85.00
34.70
91.02
85.00
34.70
90.85
85.00
34.70
92.76
85.00
34.70
93.66
85.00
34.70
93.82
85.00
34.70
90.85
85.00
34.70
92.76
85.00
34.70
93.66
85.00
34.70
93.82
85.00
