27.40
0.00
59.00
27.40
0.00
59.00
27.40
99.90
59.00
27.70
71.93
60.00
27.70
51.91
60.00
28.00
62.34
62.00
28.00
68.97
62.00
28.00
91.76
62.00
28.00
90.90
62.00
28.20
90.72
63.00
28.20
90.24
63.00
28.20
91.24
63.00
28.50
86.62
64.00
28.50
87.63
64.00
28.50
88.13
64.00
28.50
89.93
64.00
28.80
88.72
65.00
28.80
88.74
65.00
28.80
92.28
65.00
28.80
90.38
65.00
29.10
126.16
67.00
29.10
129.31
67.00
29.10
134.98
67.00
29.10
101.87
67.00
29.30
93.23
67.00
29.30
92.99
67.00
29.30
90.43
67.00
29.60
89.01
68.00
29.60
87.43
68.00
29.60
88.80
68.00
29.60
90.14
68.00
29.80
91.20
69.00
29.80
91.70
69.00
29.80
91.56
69.00
29.80
91.79
69.00
30.00
90.91
69.00
30.00
92.56
69.00
30.00
89.62
69.00
30.00
92.04
69.00
30.20
91.24
70.00
30.20
132.33
70.00
30.20
137.08
70.00
30.20
130.10
70.00
30.20
98.70
70.00
30.40
89.39
71.00
30.40
93.14
71.00
30.40
91.28
71.00
30.40
93.25
71.00
30.60
91.24
71.00
30.60
93.33
71.00
30.60
93.17
71.00
30.60
97.32
71.00
30.90
96.81
71.00
30.90
134.32
71.00
30.90
144.37
71.00
30.90
130.98
71.00
30.90
104.86
71.00
31.00
96.81
71.00
31.00
97.02
71.00
31.00
88.80
71.00
31.00
93.25
71.00
31.20
91.95
72.00
31.20
107.62
72.00
31.20
92.24
72.00
31.20
95.01
72.00
31.40
90.31
72.00
31.40
88.86
72.00
31.40
96.48
72.00
31.40
92.24
72.00
31.50
94.22
72.00
31.50
87.80
72.00
31.50
88.98
72.00
31.50
90.12
72.00
31.60
90.08
72.00
31.60
89.37
72.00
31.60
90.35
72.00
31.60
91.80
72.00
31.80
102.42
73.00
31.80
85.92
73.00
31.80
88.13
73.00
31.90
82.71
73.00
31.90
91.63
73.00
31.90
90.54
73.00
31.90
90.12
73.00
32.10
90.59
73.00
32.10
90.79
73.00
32.10
90.85
73.00
32.10
90.16
73.00
32.20
90.25
73.00
32.20
92.91
73.00
32.20
93.21
73.00
32.20
93.05
73.00
32.30
92.86
73.00
32.30
93.40
73.00
32.30
93.96
73.00
32.30
92.32
73.00
32.40
91.90
74.00
32.40
91.65
74.00
32.40
88.72
74.00
32.50
88.80
73.00
32.50
88.12
73.00
32.50
91.13
73.00
32.60
89.06
73.00
32.60
90.32
73.00
32.60
90.39
73.00
32.60
90.62
73.00
32.70
89.34
73.00
32.70
86.11
73.00
32.70
85.74
73.00
32.80
85.97
74.00
32.80
86.36
74.00
32.80
88.13
74.00
32.90
87.90
74.00
32.90
90.33
74.00
32.90
92.04
74.00
32.90
92.27
74.00
33.00
90.73
74.00
33.00
91.17
74.00
33.00
90.81
74.00
33.00
88.80
74.00
33.00
88.12
74.00
33.00
86.44
74.00
33.00
90.61
74.00
33.10
89.30
74.00
33.10
90.66
74.00
33.10
96.22
74.00
33.10
96.31
74.00
33.20
138.63
74.00
33.20
151.63
74.00
33.20
281.29
74.00
33.20
174.57
74.00
33.20
134.92
74.00
33.30
101.80
74.00
33.30
94.86
74.00
33.30
97.91
74.00
33.30
95.57
74.00
33.30
94.86
74.00
33.30
89.55
74.00
33.30
88.50
74.00
33.40
88.13
74.00
33.40
87.63
74.00
33.40
87.91
74.00
33.50
85.57
74.00
33.50
86.56
74.00
33.50
86.62
74.00
33.60
88.80
74.00
33.60
92.27
74.00
33.60
84.38
74.00
33.60
88.78
74.00
33.60
120.17
74.00
33.60
147.38
74.00
33.60
134.56
74.00
33.60
100.10
74.00
33.70
90.54
74.00
33.70
90.10
74.00
33.70
95.79
74.00
33.70
92.75
74.00
33.80
93.12
74.00
33.80
88.48
74.00
33.80
91.32
74.00
33.80
92.75
74.00
33.80
95.13
74.00
33.80
90.99
74.00
33.80
86.62
74.00
33.90
86.18
74.00
33.90
88.25
74.00
33.90
90.81
74.00
33.90
91.80
74.00
33.90
92.86
74.00
33.90
97.26
74.00
33.90
98.41
74.00
33.90
97.15
74.00
34.00
93.17
74.00
34.00
93.69
74.00
34.00
90.39
74.00
34.00
89.91
74.00
34.10
84.79
74.00
34.10
85.03
74.00
34.10
83.71
74.00
34.10
87.68
74.00
34.10
88.69
74.00
34.10
88.98
74.00
34.10
90.62
74.00
34.20
90.25
74.00
34.20
91.46
74.00
34.20
89.21
74.00
34.20
87.68
75.00
34.20
92.65
75.00
34.20
95.22
75.00
34.20
97.10
75.00
34.30
83.47
75.00
34.30
92.46
75.00
34.30
91.32
75.00
34.30
101.63
75.00
34.30
94.16
75.00
34.30
95.15
75.00
34.30
92.97
75.00
34.30
134.47
75.00
34.30
172.51
75.00
34.30
214.44
75.00
34.30
155.12
75.00
34.30
128.67
75.00
34.30
105.26
75.00
34.40
101.83
75.00
34.40
93.98
75.00
34.40
94.55
75.00
34.40
85.56
75.00
34.40
93.44
75.00
34.40
89.70
75.00
34.40
97.69
75.00
34.50
91.01
75.00
34.50
88.47
75.00
34.50
92.00
75.00
34.50
90.85
75.00
34.50
97.01
75.00
34.50
94.13
75.00
34.50
93.71
75.00
34.50
96.57
75.00
34.60
97.01
75.00
34.60
98.12
75.00
34.60
93.75
75.00
34.60
93.49
75.00
34.60
65.64
75.00
34.60
69.97
75.00
34.60
72.18
75.00
34.60
95.06
75.00
34.60
99.68
75.00
34.60
136.86
75.00
34.60
154.36
75.00
34.60
142.15
75.00
34.60
108.74
75.00
34.70
94.98
76.00
34.70
96.03
76.00
34.70
94.04
76.00
34.70
91.07
76.00
34.70
86.88
76.00
34.70
84.18
76.00
34.70
85.29
76.00
34.70
88.35
76.00
34.70
90.09
76.00
34.70
91.80
76.00
34.70
93.75
76.00
34.80
94.16
76.00
34.80
95.98
76.00
34.80
93.01
76.00
34.80
93.30
76.00
34.80
91.90
76.00
34.80
92.36
76.00
34.80
92.44
76.00
34.80
89.70
76.00
34.80
89.62
76.00
34.80
89.65
76.00
34.80
89.02
76.00
34.90
88.56
76.00
34.90
88.03
76.00
34.90
92.24
76.00
34.90
92.28
76.00
34.90
92.44
76.00
34.90
90.05
76.00
34.90
94.97
76.00
34.90
93.75
76.00
34.90
95.95
77.00
34.90
94.44
77.00
34.90
92.76
77.00
34.90
91.55
77.00
34.90
89.53
77.00
34.90
90.02
77.00
34.90
87.44
77.00
35.00
86.39
77.00
35.00
86.73
77.00
35.00
88.76
77.00
35.00
90.16
77.00
35.00
91.24
77.00
35.00
95.66
77.00
35.00
94.46
77.00
35.00
95.79
77.00
35.00
92.68
77.00
35.00
91.27
77.00
35.00
91.09
77.00
35.00
90.14
77.00
35.00
90.96
77.00
35.00
90.06
77.00
35.00
89.25
77.00
35.00
90.38
77.00
35.10
94.12
77.00
35.10
96.73
77.00
35.10
100.70
77.00
35.10
99.34
77.00
35.10
99.40
77.00
35.10
97.53
77.00
35.10
95.48
77.00
35.10
93.05
77.00
35.10
93.85
77.00
35.10
93.10
77.00
35.10
91.01
77.00
35.10
89.47
77.00
35.10
90.55
77.00
35.10
91.56
77.00
35.10
82.95
77.00
35.10
69.24
77.00
35.10
74.23
77.00
35.10
80.09
78.00
35.10
135.38
78.00
35.10
155.84
78.00
35.10
255.21
78.00
35.10
183.26
78.00
35.10
118.60
78.00
35.10
107.41
78.00
35.10
94.49
78.00
35.10
104.64
78.00
35.10
95.57
78.00
35.20
93.17
78.00
35.20
93.63
78.00
35.20
94.21
78.00
35.20
95.79
78.00
35.20
93.17
78.00
35.20
92.46
78.00
35.20
92.76
78.00
35.20
96.29
78.00
35.20
102.30
78.00
35.20
112.09
78.00
35.20
108.44
78.00
35.20
107.18
78.00
35.20
99.47
78.00
35.20
101.44
78.00
35.20
93.96
78.00
35.30
86.83
78.00
35.30
83.29
78.00
35.30
82.57
78.00
35.30
85.15
78.00
35.30
82.75
78.00
35.30
82.41
78.00
35.30
88.56
78.00
35.30
91.69
78.00
35.30
99.80
78.00
35.30
97.64
78.00
35.30
104.24
78.00
35.30
100.84
78.00
35.30
100.94
78.00
35.30
95.48
78.00
35.30
92.25
78.00
35.30
94.94
78.00
35.30
95.01
78.00
35.30
97.37
78.00
35.30
93.17
78.00
35.30
91.45
78.00
35.30
91.05
78.00
35.30
93.75
78.00
35.30
95.18
78.00
35.30
95.60
78.00
35.30
95.95
78.00
35.30
97.86
78.00
35.40
99.82
78.00
35.40
98.10
78.00
35.40
95.53
78.00
35.40
91.32
78.00
35.30
93.17
79.00
35.30
92.41
79.00
35.30
91.05
79.00
35.30
89.47
79.00
35.30
89.63
79.00
35.30
89.02
79.00
35.30
90.39
79.00
35.40
92.44
79.00
35.40
95.86
79.00
35.40
99.75
79.00
35.40
101.52
79.00
35.40
98.98
79.00
35.40
88.78
79.00
35.40
104.33
79.00
35.40
103.11
79.00
35.40
113.27
79.00
35.40
99.27
79.00
35.40
96.35
79.00
35.40
91.07
79.00
35.40
90.44
79.00
35.40
90.20
79.00
35.40
91.48
79.00
35.40
65.25
79.00
35.40
70.85
79.00
35.40
72.95
79.00
35.40
95.53
79.00
35.40
95.95
79.00
35.40
96.12
79.00
35.40
95.44
79.00
35.40
97.86
79.00
35.40
96.02
79.00
35.40
99.50
79.00
35.40
71.14
79.00
35.50
75.56
79.00
35.50
93.15
79.00
35.50
138.50
79.00
35.50
135.93
79.00
35.50
107.74
79.00
35.50
88.11
79.00
35.50
94.94
79.00
35.50
89.02
79.00
35.50
97.64
79.00
35.50
92.01
79.00
35.50
92.88
79.00
35.50
91.76
79.00
35.50
93.71
79.00
35.50
97.34
79.00
35.50
104.11
79.00
35.50
102.70
79.00
35.50
97.32
79.00
35.50
98.98
80.00
35.50
97.62
80.00
35.50
98.78
80.00
35.50
96.09
80.00
35.50
96.22
80.00
35.50
98.60
80.00
35.50
96.26
80.00
35.50
97.91
80.00
35.50
95.95
80.00
35.50
99.72
80.00
35.50
99.52
80.00
35.50
99.01
80.00
35.50
102.42
80.00
35.50
100.12
80.00
35.50
104.64
80.00
35.50
137.71
80.00
35.50
157.85
80.00
35.50
150.45
80.00
35.50
77.65
80.00
35.50
75.29
80.00
35.50
72.94
80.00
35.50
92.32
80.00
35.50
88.76
80.00
35.50
84.54
80.00
35.50
84.13
80.00
35.50
86.23
80.00
35.50
101.92
80.00
35.50
88.39
80.00
35.50
90.66
80.00
35.50
83.83
80.00
35.50
89.93
80.00
35.50
86.76
80.00
35.50
83.45
80.00
35.50
83.31
80.00
35.50
84.50
80.00
35.50
86.52
80.00
35.50
88.09
80.00
35.50
93.25
80.00
35.50
100.60
80.00
35.50
95.21
80.00
35.50
95.01
80.00
35.50
92.32
80.00
35.50
94.86
80.00
35.50
127.93
80.00
35.50
143.10
80.00
35.50
141.58
80.00
35.50
134.41
80.00
35.50
69.44
80.00
35.50
77.39
80.00
35.50
88.27
80.00
35.50
154.60
80.00
35.50
143.13
80.00
35.50
153.73
80.00
35.50
152.40
80.00
35.50
144.93
80.00
35.50
162.43
80.00
35.50
143.30
80.00
35.50
132.39
80.00
35.50
71.01
80.00
35.50
70.60
80.00
35.50
68.58
80.00
35.50
84.73
80.00
35.50
117.28
80.00
35.50
126.21
80.00
35.50
127.20
80.00
35.50
94.73
80.00
35.50
86.39
80.00
35.50
85.19
80.00
35.50
84.94
80.00
35.50
85.06
80.00
35.50
84.31
80.00
35.50
84.34
80.00
35.50
85.30
80.00
35.50
119.45
80.00
35.50
129.06
80.00
35.50
124.46
81.00
35.50
96.76
81.00
35.50
85.98
81.00
35.50
94.00
81.00
35.50
93.47
80.00
35.50
97.02
80.00
35.50
95.53
80.00
35.50
94.76
80.00
35.50
138.09
81.00
35.50
138.54
81.00
35.50
142.05
81.00
35.50
107.78
81.00
35.50
93.97
81.00
35.50
95.77
81.00
35.50
74.57
81.00
35.50
76.27
81.00
35.50
75.92
81.00
35.50
67.24
81.00
35.50
76.94
81.00
35.50
77.08
81.00
35.50
101.57
81.00
35.50
99.34
81.00
35.50
91.19
81.00
35.50
98.62
81.00
35.50
133.36
81.00
35.50
168.63
81.00
35.50
157.85
81.00
35.50
117.81
81.00
35.50
101.42
81.00
35.50
98.68
81.00
35.50
100.94
81.00
35.50
101.25
81.00
35.50
100.05
81.00
35.50
95.53
81.00
35.50
94.00
81.00
35.50
91.77
81.00
35.50
92.75
81.00
35.50
92.56
81.00
35.50
86.82
81.00
35.50
96.25
81.00
35.50
96.05
81.00
35.50
124.15
81.00
35.50
95.18
81.00
35.50
138.44
81.00
35.50
126.66
81.00
35.50
150.53
81.00
35.50
155.08
81.00
35.50
155.76
81.00
35.50
139.73
81.00
35.50
110.46
81.00
35.50
95.57
81.00
35.50
65.88
81.00
35.50
73.24
81.00
35.50
73.13
81.00
35.50
96.09
81.00
35.50
88.89
81.00
35.50
88.88
81.00
35.50
84.47
81.00
35.60
81.80
81.00
35.60
80.99
81.00
35.60
85.98
81.00
35.50
81.76
81.00
35.50
90.05
81.00
35.50
93.96
81.00
35.50
97.91
81.00
35.50
90.08
81.00
35.50
96.51
81.00
35.50
105.52
81.00
35.50
116.37
81.00
35.50
147.93
81.00
35.60
160.73
81.00
35.60
93.93
81.00
35.60
85.57
81.00
35.50
94.50
81.00
35.50
150.49
81.00
35.50
248.04
81.00
35.50
163.18
81.00
35.50
157.85
81.00
35.50
114.74
81.00
35.50
109.43
81.00
35.50
98.23
81.00
35.50
95.83
81.00
35.60
96.28
81.00
35.60
95.71
81.00
35.60
96.84
81.00
35.60
96.84
81.00
35.60
137.55
81.00
35.60
140.32
81.00
35.60
138.25
81.00
35.60
77.69
81.00
35.60
80.12
81.00
35.60
77.18
81.00
35.60
96.88
81.00
35.60
98.57
81.00
35.60
135.17
81.00
35.60
154.92
81.00
35.60
138.70
81.00
35.60
109.75
81.00
35.60
99.26
82.00
35.60
101.49
82.00
35.60
100.99
82.00
35.60
105.21
82.00
35.60
93.47
82.00
35.60
104.11
82.00
35.60
96.53
82.00
35.60
110.07
82.00
35.60
103.63
82.00
35.60
107.12
82.00
35.60
89.25
82.00
35.60
105.80
82.00
35.60
94.98
82.00
35.60
113.10
82.00
35.60
100.65
82.00
35.60
96.88
82.00
35.60
72.13
82.00
35.60
69.03
82.00
35.60
89.58
82.00
35.60
103.66
82.00
35.60
107.74
82.00
35.60
87.15
82.00
35.60
80.28
82.00
35.60
93.46
82.00
35.60
97.88
82.00
35.60
86.39
82.00
35.60
110.19
82.00
35.60
96.82
82.00
35.60
122.12
82.00
35.60
95.30
82.00
35.60
91.24
82.00
35.60
80.83
82.00
35.60
77.61
82.00
35.60
78.00
82.00
35.50
79.23
82.00
35.50
77.82
82.00
35.50
77.86
82.00
35.60
76.93
82.00
35.60
80.19
82.00
35.60
80.61
82.00
35.60
82.33
82.00
35.60
82.47
82.00
35.60
84.71
82.00
35.60
84.95
82.00
35.60
98.17
82.00
35.60
138.25
82.00
35.60
134.56
82.00
35.60
115.50
82.00
35.60
91.95
82.00
35.60
87.54
82.00
35.60
88.50
82.00
35.60
63.81
82.00
35.60
70.43
82.00
35.60
71.76
82.00
35.60
85.78
82.00
35.60
104.49
82.00
35.60
99.85
82.00
35.60
113.31
82.00
35.60
111.13
82.00
35.60
95.45
82.00
35.60
95.79
82.00
35.60
87.91
82.00
35.60
91.97
82.00
35.60
83.15
82.00
35.60
93.50
82.00
35.60
93.72
82.00
35.60
102.44
82.00
35.60
95.06
82.00
35.60
95.00
82.00
35.60
92.15
82.00
35.60
93.65
82.00
35.60
90.62
82.00
35.60
90.61
82.00
35.60
125.71
82.00
35.60
133.60
82.00
35.60
133.87
82.00
35.60
103.61
82.00
35.60
92.98
82.00
35.60
94.43
82.00
35.60
94.50
82.00
35.60
96.57
82.00
35.60
92.01
82.00
35.60
92.99
82.00
35.60
91.84
82.00
35.60
93.98
82.00
35.60
91.67
82.00
35.60
90.70
82.00
35.60
89.21
82.00
35.60
90.39
82.00
35.60
89.34
82.00
35.60
94.91
82.00
35.60
92.97
82.00
35.60
94.80
82.00
35.60
94.92
83.00
35.60
95.66
83.00
35.60
95.48
83.00
35.60
92.28
83.00
35.50
91.95
82.00
35.50
90.74
82.00
35.50
90.81
82.00
35.50
91.09
82.00
35.60
92.86
83.00
35.60
94.09
83.00
35.60
97.01
83.00
35.60
98.73
83.00
35.60
103.02
83.00
35.60
103.27
83.00
35.60
100.70
83.00
35.60
55.20
83.00
35.60
60.91
83.00
35.60
47.49
83.00
35.60
73.69
83.00
35.60
73.63
83.00
35.60
86.29
83.00
35.60
102.70
83.00
35.60
99.82
83.00
35.60
116.96
83.00
35.60
102.16
83.00
35.60
98.73
83.00
35.60
97.07
83.00
35.60
68.46
83.00
35.60
57.58
83.00
35.60
51.68
83.00
35.60
63.82
83.00
35.60
81.38
83.00
35.60
104.13
83.00
35.60
105.78
83.00
35.60
106.48
83.00
35.60
104.86
83.00
35.60
107.68
83.00
35.60
101.28
83.00
35.60
100.42
83.00
35.60
93.97
83.00
35.60
127.88
83.00
35.60
143.68
83.00
35.60
138.60
83.00
35.60
111.13
83.00
35.60
100.10
83.00
35.60
91.73
83.00
35.60
93.01
83.00
35.60
89.70
83.00
35.60
98.10
83.00
35.60
82.95
83.00
35.60
116.30
83.00
35.60
89.67
83.00
35.60
105.19
83.00
35.60
86.23
83.00
35.60
95.83
83.00
35.60
93.85
83.00
35.60
91.41
83.00
35.60
126.13
83.00
35.60
84.14
83.00
35.60
94.16
83.00
35.60
99.09
83.00
35.60
155.28
83.00
35.60
143.78
83.00
35.60
108.75
83.00
35.60
94.98
83.00
35.60
128.21
83.00
35.60
141.84
83.00
35.60
133.45
83.00
35.60
102.13
83.00
35.60
93.97
83.00
35.60
94.12
83.00
35.60
95.74
83.00
35.60
93.96
83.00
35.60
94.47
83.00
35.60
95.25
83.00
35.60
96.88
83.00
35.60
96.62
83.00
35.60
93.85
83.00
35.60
99.67
83.00
35.60
97.01
83.00
35.60
100.13
83.00
35.70
84.27
83.00
35.70
95.66
83.00
35.70
106.10
83.00
35.70
89.02
83.00
35.60
83.08
83.00
35.60
80.22
83.00
35.60
100.94
83.00
35.60
109.45
83.00
35.70
111.13
83.00
35.70
108.68
83.00
35.70
108.44
83.00
35.70
104.90
83.00
35.70
102.42
83.00
35.70
99.21
83.00
35.70
99.57
83.00
35.70
100.70
83.00
35.70
99.26
83.00
35.70
98.38
83.00
35.70
95.79
83.00
35.70
95.79
83.00
35.70
96.22
83.00
35.70
96.71
83.00
35.70
96.53
83.00
35.70
94.76
83.00
35.70
95.44
83.00
35.70
105.06
83.00
35.70
84.51
83.00
35.70
91.56
83.00
35.70
96.02
83.00
35.70
113.21
83.00
35.70
112.23
83.00
35.70
97.64
83.00
35.70
100.32
83.00
35.70
98.60
83.00
35.70
100.94
83.00
35.70
97.37
83.00
35.70
97.07
83.00
35.70
95.65
83.00
35.70
96.79
83.00
35.70
94.71
83.00
35.70
93.23
83.00
35.70
93.62
83.00
35.70
94.21
83.00
35.70
95.74
83.00
35.70
96.28
83.00
35.70
95.71
83.00
35.70
135.50
83.00
35.70
148.00
83.00
35.70
150.45
83.00
35.70
114.74
83.00
35.70
99.49
83.00
35.70
97.64
83.00
35.70
95.01
83.00
35.70
98.15
83.00
35.70
97.50
83.00
35.70
96.26
83.00
35.70
96.00
83.00
35.70
96.28
83.00
35.70
97.56
83.00
35.70
97.64
83.00
35.70
94.50
83.00
35.70
94.47
83.00
35.70
95.45
83.00
35.70
95.53
83.00
35.70
69.90
83.00
35.70
68.75
83.00
35.70
83.04
83.00
35.70
107.07
83.00
35.70
125.79
83.00
35.70
98.67
83.00
35.70
99.30
83.00
35.70
93.91
83.00
35.70
98.77
83.00
35.70
103.11
83.00
35.70
101.52
83.00
35.70
102.16
83.00
35.70
98.98
83.00
35.70
102.60
83.00
35.70
96.53
83.00
35.70
95.74
83.00
35.70
92.01
83.00
35.70
95.13
83.00
35.70
93.96
83.00
35.70
100.37
83.00
35.70
103.02
83.00
35.70
100.05
83.00
35.70
98.73
83.00
35.70
96.05
83.00
35.70
97.61
83.00
35.70
94.68
83.00
35.70
95.27
83.00
35.70
94.00
83.00
35.70
92.19
83.00
35.70
90.05
83.00
35.70
90.35
83.00
35.70
89.93
83.00
35.70
90.25
84.00
35.70
91.23
84.00
35.70
93.46
84.00
35.70
93.05
84.00
35.70
125.79
84.00
35.70
130.72
84.00
35.70
133.36
84.00
35.70
99.52
84.00
35.70
90.83
84.00
35.70
92.75
84.00
35.70
98.23
84.00
35.70
101.04
84.00
35.70
99.47
84.00
35.70
99.78
84.00
35.70
99.29
84.00
35.70
100.47
84.00
35.70
100.89
84.00
35.70
100.00
84.00
35.70
98.14
84.00
35.70
92.76
84.00
35.70
90.08
84.00
35.70
87.86
84.00
35.70
88.80
84.00
35.70
92.27
84.00
35.70
97.50
84.00
35.70
99.11
84.00
35.70
102.70
84.00
35.70
100.13
84.00
35.70
133.90
84.00
35.70
133.81
84.00
35.70
147.38
84.00
35.70
112.59
84.00
35.80
102.42
84.00
35.80
103.95
84.00
35.80
82.79
84.00
35.80
80.12
84.00
35.80
71.17
84.00
35.80
74.67
84.00
35.70
76.94
84.00
35.70
77.62
84.00
35.70
79.23
84.00
35.80
79.53
84.00
35.80
80.60
84.00
35.80
98.14
84.00
35.80
133.04
84.00
35.80
122.30
84.00
35.80
100.05
84.00
35.80
79.77
84.00
35.80
78.14
84.00
35.80
79.50
84.00
35.80
82.92
84.00
35.80
86.83
84.00
35.80
83.48
84.00
35.80
92.76
84.00
